140808
140809
140810
141907
141908
141909
141910
141911
141912
143008
143009
143010
143011
143012
143013
144108
144109
144110
144111
144112
144113
144114
145209
145210
145211
145212
145213
145214
145215
146310
146311
146312
146313
146314
146315
146316
146317
147411
147412
147413
147414
147415
147416
147417
147418
148511
148512
148513
148514
148515
148516
148517
148518
148519
148520
149609
149610
149611
149612
149613
149614
149615
149616
149617
149618
149619
149620
149621
149622
149623
150705
150706
150707
150708
150709
150710
150711
150712
150713
150714
150715
150716
150717
150718
150719
150720
150721
150722
150723
150724
150725
150726
151803
151804
151805
151806
151807
151808
151809
151810
151811
151812
151813
151814
151815
151816
151817
151818
151819
151820
151821
151822
151823
151824
151825
151826
151827
151828
151829
152899
152900
152901
152902
152903
152904
152905
152906
152907
152908
152909
152910
152911
152912
152913
152914
152915
152916
152917
152918
152919
152920
152921
152922
152923
152924
152925
152926
152927
152928
152929
152930
152931
152932
152933
153998
153999
154000
154001
154002
154003
154004
154005
154006
154007
154008
154009
154010
154011
154012
154013
154014
154015
154016
154017
154018
154019
154020
154021
154022
154023
154024
154025
154026
154027
154028
154029
154030
154031
154032
154033
154034
154035
154036
154037
155100
155101
155102
155103
155104
155105
155106
155107
155108
155116
155117
155118
155119
155120
155121
155122
155123
155124
155125
155126
155128
155129
155130
155131
155132
155133
155134
155135
155136
155137
155138
155139
155140
155141
156217
156218
156219
156220
156221
156222
156223
156224
156225
156233
156234
156235
156236
156237
156238
156239
156240
156241
157318
157319
157320
157321
157322
157323
157324
157325
157326
157338
157339
157340
157341
157342
158419
158420
158421
158422
158423
158424
158425
158426
159520
159521
159522
159523
159524
159525
159526
159527
160621
160622
160623
160624
160625
160626
160627
160628
160629
161722
161723
161724
161725
161726
161727
161728
161729
161730
162822
162823
162824
162825
162826
162827
162828
162829
162830
162831
163923
163924
163925
163926
163927
163928
163929
163930
163931
163932
165023
165024
165025
165026
165027
165028
165029
165030
165031
165032
165033
166124
166125
166126
166127
166128
166129
166130
166131
166132
166133
166134
167225
167226
167227
167228
167229
167230
167231
167232
167233
167234
167235
168326
168327
168328
168329
168330
168331
168332
168333
168334
168335
168336
169427
169428
169429
169430
169431
169432
169433
169434
169435
169436
169437
170528
170529
170530
170531
170532
170533
170534
170535
170536
170537
170538
171629
171630
171631
171632
171633
171634
171635
171636
171637
171638
171639
172730
172731
172732
172733
172734
172735
172736
172737
172738
172739
173831
173832
173833
173834
173835
173836
173837
173838
173839
173840
174932
174933
174934
174935
174936
174937
174938
174939
174940
176033
176034
176035
176036
176037
176038
176039
176040
176041
177134
177135
177136
177137
177138
177139
177140
177141
177142
178235
178236
178237
178238
178239
178240
178241
178242
178243
179336
179337
179338
179339
179340
179341
179342
179343
179344
180437
180438
180439
180440
180441
180442
180443
180444
180445
181538
181539
181540
181541
181542
181543
181544
181545
182639
182640
182641
182642
182643
182644
182645
182646
183739
183740
183741
183742
183743
183744
183745
183746
183747
184840
184841
184842
184843
184844
184845
184846
184847
184848
185941
185942
185943
185944
185945
185946
185947
185948
185949
187041
187042
187043
187044
187045
187046
187047
187048
187049
187050
188141
188142
188143
188144
188145
188146
188147
188148
188149
188150
188151
189242
189243
189244
189245
189246
189247
189248
189249
189250
189251
189252
190343
190344
190345
190346
190347
190348
190349
190350
190351
190352
190353
191444
191445
191446
191447
191448
191449
191450
191451
191452
191453
191454
